7469
2991
7484
696
7986
9553
9184
9823
10
8738
6116
7780
7813
7278
6796
1614
925
1812
9281
6196
4826
2007
9815
9960
26
9226
6510
3373
5406
4495
8494
9227
7486
5978
9924
1824
1883
9108
1647
1894
4198
4115
6026
8363
7746
2822
6329
5023
986
5611
1219
2165
7618
7387
2125
3996
6613
8636
7370
8371
3131
5864
7599
6970
1842
3875
8794
78
9335
6794
8324
3533
7261
4350
8248
5007
7173
4577
31
8159
6540
7602
324
511
1341
8802
4507
7955
3790
1877
2678
3273
7741
277
243
5936
504
5390
6014
9839
8536
4338
9724
5797
5040
7972
7157
2213
2550
3540
6725
9090
1142
3401
9601
2484
2203
461
6791
2345
2338
9469
5619
80
6099
2214
6016
6603
3956
8382
2795
2492
2720
2519
8290
7760
6844
1799
6326
9394
5339
9403
4836
6481
2804
790
5317
1360
1251
2108
3705
9941
7930
5676
21
4029
7891
6037
6984
1847
4419
6131
692
3491
8651
5334
7604
5495
7133
282
1241
2472
9685
2429
5305
8841
9571
623
201
7174
9083
259
7116
7013
2287
7137
7394
6530
9527
731
4730
298
6862
5422
142
1865
756
7746
3712
7889
4380
1305
6713
4065
87
2018
9258
9658
2641
9460
3185
1725
6071
301
5090
4710
3790
2485
1241
9669
9568
5971
6320
6430
7745
6462
4648
8501
560
8360
2742
4940
6018
9455
5357
6105
1473
4615
2115
467
427
5300
8544
2850
1953
3634
7561
2096
2471
8802
1765
2039
1125
8085
4822
5222
899
9470
3723
1459
4182
2817
6399
200
8624
1756
6305
6449
2724
8421
6916
3151
73
5460
6002
2027
5447
3563
4123
7918
8717
2240
9958
6194
6678
1132
1416
7577
602
1491
9037
4784
660
1788
1337
9284
9897
7642
5733
2621
2415
9002
5772
8841
814
8126
868
6261
8041
1343
532
6758
9935
6842
9304
6613
7974
7072
4191
4928
8563
9580
9712
5575
1368
7401
4859
1265
1396
6945
3886
163
2299
6011
9004
3113
4137
6224
5727
2179
7567
2611
5289
7503
9453
4594
4116
3779
8018
4659
8707
6582
4239
4771
2157
5608
2173
3369
3225
3569
314
7112
3732
8965
9475
2737
2078
3612
8961
4157
2143
2881
6768
7433
6736
6221
8379
852
6352
6397
1864
5059
9331
6103
9831
7841
8063
8356
7562
1289
1925
4228
4753
2009
3193
4228
4746
5271
4192
60
9429
6336
9293
2549
3769
6029
8771
8500
3233
1475
1249
5097
6535
581
7553
2718
4774
5616
1074
2336
3257
9351
6564
8010
1360
9757
8590
2459
1380
2783
2519
809
9119
1812
3359
9240
7841
8482
7740
7426
9957
8989
2524
2844
5922
77
5562
696
2045
2988
9384
5303
2339
5948
9665
3700
5705
8256
2511
7086
1039
1382
4247
6510
9546
3958
5750
3739
8792
9842
1165
5102
5183
3689
7946
7458
118
9861
4506
2164
2849
3891
3819
1541
9839
3484
1593
1897
1740
4104
5335
9131
5486
5934
1993
5032
6245
7743
8771
5037
3937
9936
139
9121
9978
4438
2931
96
4299
7437
2260
3500
1328
6079
1393
7520
9564
2986
9417
7656
7090
1104
3140
8928
3390
5133
3960
9635
9229
9083
4673
9518
9020
1164
8639
8998
5602
7922
9094
6253
5360
7707
6106
6688
3786
7499
4208
9702
486
9977
3711
3928
7433
3203
2857
824
8336
6817
459
3917
5901
1484
3436
1273
2649
8427
6623
4603
6350
5717
7209
1710
9776
3315
4750
3563
7166
5311
9617
7652
1640
9680
7933
9074
2883
790
6250
1220
3959
6709
1489
6212
4546
4925
7485
7195
3353
4108
8150
6055
6178
5359
7765
5954
8674
8867
5869
5841
4178
1839
9845
5819
1519
7778
1245
4403
4920
7495
1975
8880
556
3464
1444
5102
8390
5282
8649
8095
9390
6800
502
1920
2159
4619
4227
7186
3486
6448
3027
4017
8287
9224
9836
6159
3355
7433
562
8275
4928
8889
3507
5484
2353
4952
6939
7095
234
5588
1542
5976
2388
2044
4249
900
6663
4828
8086
150
1276
7465
519
5916
6689
6707
2075
6396
4140
8989
1024
5420
7878
4531
7256
231
5835
4195
3679
2421
9784
5221
4750
8524
3618
5351
9424
281
179
7510
6783
1455
1327
7302
7371
8017
4009
5798
765
4501
4787
1789
9921
2665
2673
7178
9249
4860
1373
2928
7282
7509
4501
8384
2386
8119
3735
1810
4753
3914
5673
7888
1721
7000
5191
5445
1369
5552
1243
2135
6406
6031
276
6327
5048
2949
3505
4297
7810
1231
3577
1444
5092
4431
6180
7478
8902
9915
5641
3655
181
7666
1544
8254
4666
3087
3699
2388
4991
1295
875
1397
3678
1151
4077
8726
453
3934
9376
4615
1517
9305
2411
6610
3736
8591
440
2639
4858
2433
2646
1391
99
4190
9645
4766
3629
9697
3506
4973
992
4381
6370
4670
1884
447
9748
8689
734
5476
3304
2251
4782
5715
8861
4870
658
5654
3861
5516
8087
6508
3259
8187
7050
2905
9305
680
8954
2811
5653
6298
3544
8375
7320
1780
5175
7068
470
5909
8897
3774
8160
31
5842
3374
4901
6500
5380
8763
8369
3467
1623
1628
1654
8673
885
7311
5705
6191
6474
7710
2489
18
2438
9809
8151
7613
3230
8621
9874
2127
8747
4386
2158
4589
4112
3411
7442
9492
8526
2163
2960
149
143
966
8823
7381
8278
880
3572
4752
8591
6062
1123
1029
5871
9274
4994
5453
7895
4868
7580
6642
5606
9738
7584
9719
9502
1378
9211
8028
9893
8523
8178
36
9490
3353
7417
4120
4233
7342
8872
9176
9756
6347
205
1979
5621
1551
7433
9868
2771
5013
6511
8378
1104
447
4449
606
8177
12
8634
8070
8536
3164
8106
4378
6517
1876
8498
7103
9218
3722
6279
8974
70
2837
953
5691
4388
8386
5560
3512
9752
8423
1890
856
5222
2691
7814
3399
2703
2800
1469
7591
5965
5927
8321
2482
4155
6819
9585
9725
6894
5865
5051
6964
5054
6005
9007
9442
743
919
2954
6847
5694
1196
4055
916
239
1869
667
9295
4670
8488
6886
6987
768
1560
9469
4923
4731
9055
4649
1625
1272
9700
4941
6326
2057
301
2120
9153
1220
1427
6000
6915
8975
6408
4183
9215
4629
4851
4862
5651
9691
8100
2638
459
9660
2108
1735
4392
7515
6384
2369
5139
2436
7311
7817
4494
7612
9937
9999
5184
7716
2351
8451
6692
8759
2635
2259
9741
3838
7121
5392
3529
5221
8031
341
4882
139
2076
5626
4006
4812
7995
9145
7248
1658
3314
8094
9270
3251
4445
807
7320
6797
9258
4012
1908
1893
2623
1649
2083
6096
7042
1965
1317
5073
8658
2551
1564
734
4529
1922
5546
2525
7419
9146
535
733
3593
6158
336
8038
6965
7656
4835
6223
8020
6744
4469
643
4745
2904
6739
1787
4869
4409
3212
3527
3312
1128
613
7842
3050
2511
6719
469
1658
3606
1202
5251
9764
1539
3289
6729
9195
4477
9305
3568
7573
126
4211
2318
3030
7303
458
4252
8064
3670
7779
7728
4799
4745
1922
7849
7256
4993
4671
5266
8600
5873
6869
8364
3764
159
1446
9312
988
751
2880
8561
7229
3443
879
259
746
1337
4511
5162
1360
8643
9243
2511
3388
1165
6712
6996
6159
1383
2263
1111
3609
9132
5827
7373
5643
7273
6685
6631
4376
9565
1544
1605
3009
8776
1865
107
6465
2728
1622
7825
1371
865
336
1111
8382
3401
4460
893
4784
6723
2004
8393
2207
7832
2119
4203
1457
5156
7186
5834
1074
8731
3791
4083
7507
2008
542
324
4737
8516
8150
2460
5733
4838
9924
4116
8239
4384
5009
9376
1107
3366
4121
9666
1198
2592
221
9007
7749
7408
1193
8823
2491
4985
9258
6350
6993
6152
6674
8082
4669
4824
6895
402
6015
6819
870
606
1203
2232
9982
8662
5598
456
8328
3148
3048
8550
2155
797
2310
3349
5972
4801
4686
5230
1151
8031
1383
7825
6114
2404
9002
3009
9158
5017
9828
29
5623
7383
2261
1958
6045
4211
2414
725
3711
1814
5627
5866
2612
7937
5567
8584
9090
6605
167
241
4637
1550
4419
751
3954
3421
112
3112
4790
6292
9493
413
3675
8106
8723
6072
2317
7489
6797
2380
9304
8777
8247
8268
3066
166
3204
2157
3124
3371
8750
7761
1273
3169
4864
1579
6590
4976
1044
1380
7620
537
8146
1295
4996
3221
3719
3665
711
516
6046
6367
5645
645
987
8712
7163
543
869
287
267
9619
8048
1540
2789
2912
9472
5731
4240
516
3464
1860
7405
7962
9507
2401
1183
3226
6067
8246
95
2113
965
5740
2758
8304
4452
9921
8848
1673
209
9115
7645
4609
7007
434
3874
6479
2517
8114
6995
2333
6327
4401
295
2186
3154
7831
1765
9221
2429
1860
1334
9747
3952
444
8051
4757
6718
6899
2782
3279
2366
427
7888
9374
7213
1762
5853
9731
6229
9201
8416
2556
9954
8712
1094
3108
2895
2859
2330
1676
1071
16
1423
5024
6813
5827
6133
9883
9078
8915
3162
1445
9343
7402
819
6556
9165
3024
2639
1746
2225
1056
654
8531
6120
1748
1640
5367
4608
3970
7043
2031
338
4819
3407
3503
646
9540
3386
9724
4808
6548
7521
4151
3951
4692
7059
9468
7717
6051
7566
6294
7107
8220
4826
9579
9968
6466
4946
928
6788
1989
2960
3478
6808
6367
6982
3806
2260
368
9883
7068
6917
7404
7571
7220
2097
982
3040
6166
7033
606
2460
492
8826
3638
71
5146
104
5017
2427
3244
3359
1739
6723
6519
4458
57
326
6718
425
6561
138
3694
3965
4061
914
2414
5044
306
8580
2077
912
7393
8922
6090
1031
8993
7589
7488
363
16
732
3722
8107
3807
6593
2565
3864
6919
5636
4290
9832
5774
4336
150
9836
1603
2564
4880
1909
7497
3309
9174
4890
8583
5264
5921
3929
9205
9761
4292
5573
494
4366
3680
653
959
6246
4518
4231
1882
5160
4063
4008
9496
4213
196
1099
3130
5076
9361
627
4738
8535
1869
9673
151
4142
3602
9357
3904
7894
4930
4398
2260
8611
5051
9572
1209
5921
3803
9443
1081
4218
3451
6930
8432
3648
4381
1562
5076
3742
8541
6166
8629
410
5840
8781
4552
9442
8138
8456
3689
9420
9206
2301
8031
610
1873
5592
6531
5676
5035
3965
9895
4839
895
4679
4839
1628
2593
6267
5371
1134
2434
352
7896
4626
9133
8800
420
3623
3609
4109
3044
2815
6411
7427
9777
4636
9372
2661
6665
4407
6626
2912
5598
3873
7591
437
5501
6536
3057
7224
4022
1843
7577
1918
6469
3062
7070
3241
6686
679
7351
6082
9847
114
9861
9624
4750
9233
2285
7767
9993
5263
679
5591
9136
8270
2381
990
1158
5438
4566
5180
7281
8495
3450
102
7910
521
3343
948
1200
7046
7030
1047
3512
6891
672
4615
2477
9309
2382
2470
4573
3062
8061
61
7684
6794
7403
8843
2232
1970
375
5865
6817
3826
2319
4727
4347
2015
5675
5547
9061
9057
6595
8926
2301
3619
3541
4778
9280
2275
7248
3853
5337
1661
267
9374
8456
7670
4569
7040
5992
4944
9258
2810
8770
1577
3889
3117
3592
9565
5017
9006
8622
7964
7932
923
1583
7825
2053
863
100
9301
1069
1790
7315
7688
7516
5771
5358
2085
9163
1351
3381
8421
513
2152
9999
4402
1621
9943
319
6638
5301
5294
4602
9585
2569
2537
7410
4623
9753
3863
276
7174
2005
7591
4862
9521
3362
6572
7958
2526
7923
1339
7299
4788
9843
7298
5543
1465
3594
2214
4455
8895
7508
5410
8481
6430
4299
2243
1053
404
2458
7681
7578
4463
5273
8792
336
4987
5365
4646
3865
9640
2338
1165
4429
2181
4815
6324
9998
4761
8538
806
3657
2399
2568
8490
8829
6867
7085
6234
7272
9544
267
1202
359
5540
9995
7048
6880
5360
1694
745
5000
4032
8262
5781
2566
3078
2105
2564
7839
6996
9722
7848
5747
2290
2690
928
9158
9776
7162
2782
5672
3781
3984
6031
9322
331
9431
2554
5691
7478
3299
7044
1510
7914
2825
428
992
1283
9345
5183
8279
9067
9384
378
1358
2074
1306
6868
8202
8468
6002
3874
8601
6338
6258
7923
6670
5689
6829
8713
3167
129
5757
1030
8043
4935
1458
5387
6218
7155
6922
849
6223
6306
1227
3933
4733
2533
7153
2935
7353
3155
6810
5954
5845
3068
230
2515
5109
7059
7581
8277
3540
3338
5659
7935
8273
3469
3322
843
625
6597
8044
6848
2903
9271
7133
7636
8156
4286
6924
5509
3793
3734
7816
9638
3154
4398
8506
8263
1457
6087
2892
1350
5777
8551
9285
403
2021
8960
1246
2646
5557
5643
5846
4812
4914
9331
8801
9423
3617
5725
1284
3762
9459
9100
9752
8965
9850
4610
7228
7660
697
121
9010
2827
5024
8295
3230
3397
3607
828
2395
5516
6471
8241
329
7738
7572
9130
7161
7541
1207
8445
7655
666
3898
7408
5983
3748
2018
3211
1408
9068
9684
6770
1895
1061
1418
1477
4458
5025
2305
6854
542
5129
1447
7223
9219
5372
2705
6380
2913
3912
1177
6921
930
1427
4329
6913
1528
2699
6476
2936
8119
6161
6059
14
3574
7477
7843
8032
8854
149
1238
9396
1630
2686
2971
849
8058
5676
3581
7323
5940
4758
4244
6870
6186
4925
135
4066
7625
6612
3354
2096
9125
9413
2111
2699
6890
6306
7083
5745
6455
8322
1493
4437
7360
817
5286
1770
6493
8867
9093
8786
9978
9690
5656
2516
4615
5792
6582
8592
8756
9936
689
7881
9350
9152
6932
2592
5458
4015
4689
8266
8689
2535
9055
6049
3352
4342
7819
6197
9561
3265
4983
5891
2955
6992
8407
3922
2784
1341
8867
1540
7630
9556
5773
3332
5060
2705
5924
6870
6720
6966
5136
5410
9501
4192
7811
9205
4886
1983
5402
799
1600
6738
6691
907
3730
1450
4829
6514
2792
3696
4406
422
9604
6531
106
4664
9236
6030
1535
2308
9348
3023
4070
8849
3567
1882
8054
8453
217
9809
5605
1817
6547
2296
2724
277
98
3905
3143
2890
3954
3901
9664
3558
432
9770
4575
9668
2153
2462
1976
1501
5485
6047
6703
5405
4281
1109
3858
4498
918
5815
2667
7465
8111
5391
4094
8210
5648
7237
7452
9602
1138
3469
3161
7922
9591
4088
7590
1744
6550
5919
9598
8387
8318
2653
3792
8951
3762
4003
3449
4681
9818
6116
8498
7930
7859
8945
2492
3507
6182
6296
3110
3673
9765
2623
1595
5709
6711
5538
3805
9613
7809
3403
8000
6127
6056
1793
5078
6171
5796
4879
7204
5614
7347
5702
9896
1558
4647
8740
5065
7182
1389
4527
7207
1154
3502
8802
3215
6565
692
7021
6178
8501
6776
531
980
2833
2324
6058
5356
4472
7289
2560
86
4636
8262
6335
2546
9262
1427
7612
2796
2816
8491
3
323
8346
8805
3538
1263
5850
559
7442
4351
7336
7973
5332
6521
6649
7742
1877
1121
5032
4437
7559
6020
9051
246
8567
4665
1674
2531
7461
4490
7374
7464
4813
2072
2622
4704
3336
8472
5263
7130
9175
8951
5103
4507
1824
8104
8602
53
9225
9986
4490
3136
6006
9894
3383
925
911
5057
9808
8373
5899
3535
2189
7065
5607
1163
1769
8943
5987
3384
6073
5163
2336
7528
6022
4160
1984
4624
4214
1209
4610
5056
698
6969
1302
4081
4246
2214
9138
4055
6939
1389
3942
5480
8454
9549
6644
223
4845
2631
3608
7270
4146
2296
1151
169
2808
3135
4793
3374
697
5756
4783
1395
2725
6085
5476
6971
4651
966
7378
7942
2355
1320
3423
810
7222
6419
7385
2067
5402
993
5689
9549
9641
6840
9718
2450
9976
4511
5824
673
267
6959
2068
9344
3045
3896
2668
4048
4862
6398
1991
3569
7719
1766
731
1293
8185
8117
9712
3587
5462
5401
3136
5104
2242
2854
3906
8570
3718
6082
9243
337
3042
7663
6034
2439
7911
8702
6487
9125
5100
4830
2694
9171
6596
3426
6816
4781
7895
6528
4721
9709
1930
7857
1165
4172
7064
5071
9094
7134
1154
8337
3823
548
2352
9857
2987
263
4911
5826
5740
6364
657
8434
5535
3605
8212
8704
4739
2459
5232
9460
2169
7162
3669
3334
7686
7085
4758
6780
571
2264
1469
4395
2812
173
4252
2151
6788
5516
7977
2528
1880
4986
7315
3767
8592
5527
2471
9683
4339
7704
9143
6508
1218
9164
6194
8905
6250
952
2037
6821
3216
9859
7568
2380
32
8173
883
3173
3689
8861
5701
5569
199
9368
9336
5143
4896
1808
4826
5587
5864
321
2095
7082
5838
4641
2339
2088
5594
729
5261
5162
588
9182
3895
6972
7355
4778
145
1044
9991
2199
6613
191
1567
2301
5334
2815
461
6513
8402
6325
6834
6849
9760
2672
1491
2099
1112
3437
2828
2726
8599
9768
1908
8846
6741
5615
3625
3238
6659
3616
1789
9624
159
9709
8277
1846
8876
8739
8359
3631
5064
1545
6832
4824
570
8323
3276
8034
8112
2456
7112
3064
2225
5372
1910
5318
987
5535
8556
3998
5504
6698
3622
2015
6407
1900
3861
1635
6991
2220
5266
2055
118
2099
3232
688
6774
2860
5074
4887
5316
2187
7951
7541
7559
6213
9211
4899
8101
7768
8897
3605
818
8872
5620
3577
772
5834
5212
4115
8054
6831
2522
4524
5282
5754
5212
2056
4966
6639
3295
6635
8826
7598
528
2737
3812
9740
7636
1913
3860
6534
1870
4678
5406
3842
8255
2530
9676
3467
6645
4083
6650
9167
8607
1932
1274
172
341
6240
6811
3636
2875
5637
1235
3404
8374
1399
9496
2363
3312
3356
8897
1534
8034
655
5376
6289
3185
1405
6108
6182
5488
9111
5349
4095
1043
6623
4267
1384
9216
7430
1373
8443
3067
8960
8199
7794
359
7695
157
23
1051
5406
1557
5437
6061
3285
8078
5598
4690
4187
1780
178
9650
7129
626
693
105
1245
8430
5673
8676
9803
468
8095
8763
8668
5889
5474
2715
2398
5497
119
4156
3406
5556
217
6691
3635
2167
7734
4174
3947
7912
3824
1077
8538
869
7534
9784
9299
3207
8460
5454
27
2907
4217
5047
5149
6043
7763
7547
1540
4234
8056
1298
6142
4625
4342
9777
6793
2076
303
740
9988
479
8169
4879
7701
5703
1015
7000
5262
5827
8807
5290
8734
3024
337
3883
5420
4452
7783
3312
8686
5839
4611
4829
464
8953
958
7257
1029
7614
7998
7369
4445
6167
2248
2146
8223
9615
5499
3485
5442
658
5127
529
34
1817
4412
5454
6269
8547
8767
1308
4386
3378
2489
1203
2331
9799
4812
9712
3765
2810
7081
4563
5330
5682
3061
9905
1649
4912
3390
3444
5570
4870
3973
5605
6687
4737
1059
9308
3285
9826
6968
4023
9556
5809
1578
8239
5609
6391
7951
5726
5553
1385
289
7235
3419
9703
7140
1420
4615
6883
4864
186
1753
8837
2143
8440
9927
3202
4100
9564
9381
1069
9939
8937
6878
1518
7177
8839
4261
1480
918
6166
9217
7559
3402
2636
7262
6894
4057
8230
3777
5273
8416
5530
4111
6911
322
390
113
4423
9954
9494
1844
6245
4784
5074
4115
1961
266
8376
9793
7536
895
9011
5095
4297
1647
8710
1191
2056
6940
1321
7330
1708
6851
7793
8619
3526
4535
8732
4301
841
4579
6145
7086
9363
7571
1202
7676
7837
5930
7469
5373
6825
6480
6821
7474
4480
5531
5018
2888
8823
6339
6570
531
9542
715
9150
3068
5250
4234
7369
6091
5165
9866
9530
880
7438
732
8556
1627
6662
2378
3353
9840
8858
6526
7314
9690
2057
8684
2579
7232
5023
5501
7763
4566
6217
3265
3986
7819
7499
1356
263
9017
7574
9793
9897
1364
525
8454
2992
3539
832
2697
9731
6042
9223
3398
5733
7632
2082
4664
4864
3458
6517
8979
8024
2734
2244
8362
6906
9743
6070
7169
8760
3645
6962
8658
5009
3839
3464
4353
7378
648
7050
3462
6690
2625
6860
8775
257
8942
9791
1473
2400
6309
452
6776
5395
2696
5139
2301
8792
1209
5822
3904
1206
2784
8914
6216
6623
8730
569
354
9378
7620
3816
6069
6597
676
1196
3207
5970
988
4680
4723
7297
1485
7851
9044
533
2990
7698
9325
552
3520
9582
8110
6305
4848
4326
9280
3579
1248
5986
9309
5220
9802
1730
1817
6830
2927
5024
9153
3915
9705
3876
7564
7542
1727
2960
8075
1070
658
7401
7974
4179
3335
6084
6836
4535
6763
6116
8114
8011
2103
3776
3231
8257
5506
5048
1440
8433
6425
593
8700
6130
4469
2616
3672
2548
5577
8099
3618
2587
5500
1592
6766
5187
4029
9954
9723
792
6071
4189
8803
4526
7965
8386
9135
3472
9786
575
8257
6211
1168
3310
2341
1989
5926
2365
4538
7855
465
4508
443
2317
2453
3561
3857
6482
3516
9932
3626
5939
4121
8781
6817
8439
7167
5952
1911
6953
2880
6520
3165
400
9830
1858
2390
2109
576
3280
9964
7393
7788
6759
6062
241
321
9919
3075
189
9851
6701
2480
325
5482
9297
8764
9001
1601
7027
5955
4481
3547
5472
1234
9730
7330
3624
1839
4258
3256
8155
1651
1044
4915
7714
7638
1588
3985
7065
1777
189
3767
4257
514
5601
9906
5630
4603
1507
2657
6910
2341
2556
2382
3575
8638
6064
3551
477
323
6807
4985
8326
4203
9900
2392
8193
1488
6378
5259
9617
2919
5378
226
9785
7331
132
5415
1934
7991
4424
5196
6684
3332
7578
6611
1971
3643
162
8800
3966
3321
3785
2292
3877
37
4685
8422
1525
7415
33
7494
334
5411
4072
119
9095
556
1886
1029
8548
2662
6226
1584
5994
156
8196
4317
3799
4710
3118
4117
8032
3255
2762
8261
3293
3799
6683
1170
7566
6717
8665
4252
8480
9089
723
7575
9646
2609
4957
8194
1623
7535
6130
7617
4043
4326
1935
4195
9037
1405
8312
3421
4660
7426
8034
7953
7577
4717
5476
5143
7786
493
5747
2619
9582
6470
6546
9228
5431
7855
3774
7054
1742
9905
1024
5786
583
9311
9981
9620
716
4645
9393
1728
8424
7427
6034
2353
8497
1510
3849
2635
2003
9596
1606
7937
2419
4505
7166
7850
2360
940
1257
455
7197
2281
6241
7781
7944
2574
3753
5012
3571
3147
6740
8347
6926
9126
701
1775
6988
4550
763
5343
4146
2369
3281
2917
6874
447
768
5587
7739
2025
6042
4937
658
8635
2718
8602
7561
2823
3614
7484
5970
6706
5832
9249
2185
6533
7376
9173
7435
8139
4517
7933
509
4150
851
3735
4597
7971
9322
8688
6348
1716
3625
7006
351
2695
1960
4264
5519
1926
1749
7841
8632
7581
3442
7169
466
819
6343
4253
8958
7212
2186
9467
1362
9389
9555
5959
7360
5229
999
3708
6946
4625
7066
3649
3672
9026
7914
9191
7304
9663
3385
2289
3596
6827
9458
414
7646
5801
1019
6605
9365
3205
2424
727
8947
1979
3038
6307
7209
4038
6368
507
5015
3434
4156
8687
8813
2070
4231
2469
8085
7616
4758
8033
4443
4217
4799
2090
6370
5818
5047
5736
9024
7471
2815
4323
5803
5854
630
9364
6244
3350
6223
1259
3137
379
9946
1950
8802
4177
4419
6887
8145
5530
1273
2589
9747
6072
1031
2469
1891
6078
4557
7267
9901
7373
1590
2056
9579
8572
7772
5823
1923
3995
3434
5060
727
9732
3362
9529
3910
4133
2768
8407
6015
4041
996
5762
114
2027
4584
8357
4457
9141
5624
711
2866
7214
9119
8797
2138
6892
4620
4061
7239
4406
5473
7966
4139
5187
7495
4401
5673
264
2808
1688
657
157
3803
7123
2184
4739
5480
2994
3880
1104
3705
3099
4670
2824
1896
6809
6068
2869
7222
3308
7275
9048
1274
7766
4235
5122
2167
6260
1738
1328
7949
2395
1485
8104
9519
21
2843
4999
3015
3075
6104
3072
6174
7126
2249
4423
3935
4669
3644
1158
7977
7271
6558
5604
5038
793
726
3557
3406
2464
4885
7707
1211
2722
5811
730
2744
5006
5730
2111
8081
8186
1536
608
1664
137
1383
5600
4806
5027
3110
9136
2298
9668
1092
3688
6813
8170
7246
6571
634
8483
4278
8197
7558
89
8928
302
1447
1010
8765
9529
5548
301
137
7212
6790
7872
9164
1597
2899
8626
7085
1549
8294
8177
5238
1460
6347
8836
8031
3333
3671
8662
1530
1229
8751
6810
7883
199
7820
6649
6080
9720
3302
2569
6933
93
441
2449
8042
9692
1076
5127
1241
5722
9656
6479
7182
6003
1667
1566
5688
5339
228
7218
6568
5331
4029
4452
1882
8201
7453
7962
7922
755
6883
1207
7200
7324
8
1594
3368
1084
3073
4610
6807
2729
7441
341
5084
9109
1907
772
4448
8487
7991
7368
171
8372
1820
2053
2925
5625
6368
7199
6381
3251
8406
9933
6928
8415
1528
296
5851
953
1258
2658
3683
8700
9352
8767
7809
7611
9540
8609
6099
3883
5977
6270
8607
4150
4675
1532
9775
1043
8732
2508
647
3490
2442
3927
8257
322
4223
4109
1275
5482
3119
1310
534
8823
78
8343
6435
5970
6952
8886
9853
9281
1508
8460
3431
6183
6344
3207
3579
1428
5715
4226
4919
4509
4505
9528
4831
5080
9989
2459
6914
9461
3769
7448
8284
199
5791
4719
6169
9095
9957
2374
8377
1465
7186
8160
4001
3531
1367
3932
4959
7083
4510
6230
1592
9015
5759
2776
4095
5748
1587
1010
5209
5356
8458
3494
5556
602
4565
8077
6049
875
452
778
8692
7638
8939
2693
1169
306
6625
2481
3741
1135
8711
1686
6502
4470
4462
598
6571
6049
1608
1780
7757
6418
1626
9665
3372
2544
7743
9422
3419
8195
200
2111
5833
5491
1157
3355
5798
4134
5836
5891
1622
4547
7577
8124
5370
8391
5074
1941
792
3034
3721
8550
9453
1700
8215
2825
4244
5958
8599
4015
505
8800
6126
6339
643
3635
9694
6441
4122
5530
2333
5744
6429
6262
220
1799
4654
5295
3740
5446
8329
3814
348
4134
5514
8564
6960
6110
874
1911
125
7732
711
2603
4071
7707
6239
117
4148
6713
1999
2833
8809
8428
5448
9029
6580
102
676
6672
1900
5358
486
2249
9492
2352
7165
2804
8462
4391
4716
8587
2123
1779
7543
6194
9486
134
2663
9987
6847
4662
9172
5656
9443
4620
1037
2375
4722
1714
9047
6623
7072
5886
5224
2916
8238
2389
2073
3053
6780
3141
7992
8904
4920
5535
1450
759
5669
4114
7098
8868
5128
6270
4524
923
891
5562
3298
1965
3628
8698
4940
7052
4584
164
9968
9174
2553
8393
2227
5686
1534
6572
4590
2807
2107
6040
3566
4129
6506
7016
2997
7987
3286
3874
8910
529
9436
8561
8847
9416
3611
139
6468
8195
304
2788
3721
9209
1182
2301
4895
2716
8873
5837
5523
7332
8230
5441
1461
4736
2457
811
9075
2096
4685
4338
8977
473
2899
7824
9889
2862
7964
6357
7409
4620
5497
1130
181
6679
3431
1429
5748
2304
7266
7623
5989
5496
3065
7450
6585
1874
8261
5660
322
9298
9998
9300
9771
9249
7124
6012
2111
1440
2369
9520
6060
4219
7003
6242
898
434
4023
2998
9091
1289
622
5080
3138
39
8882
6075
8265
3496
1735
8588
2794
8086
7888
8918
3687
5012
4930
5799
2805
3652
1671
8865
7871
8674
1459
5121
5461
5482
8120
904
3124
5094
5984
2614
5133
1218
8689
3398
4714
424
8338
3861
4862
6226
2779
8550
7591
7709
701
396
1361
8724
5613
9232
7399
3425
706
9212
5259
8826
116
8383
3920
6100
997
5405
3670
9686
5155
8385
6463
3494
2246
7677
9720
5025
2579
3663
9086
3280
4059
448
2005
9673
6032
5756
3098
6738
4968
8357
1916
5084
3093
5836
7536
442
7593
1206
6481
2749
5943
9296
6243
4541
6973
2315
9566
9553
2331
5005
9185
6390
1805
1190
2415
4189
3298
1865
928
8266
6575
9196
9702
6020
1385
7238
6462
8978
4797
2943
1727
740
8591
4322
5282
5565
2990
1200
1470
5321
2557
655
8063
4362
8198
479
8552
7848
8696
5832
2467
5271
5028
2169
1291
6413
5760
4106
5392
6909
3401
3471
7649
1993
4146
9283
3910
3488
6836
1732
8809
9393
2387
3224
108
6937
55
8660
4786
8752
4492
7253
375
5872
5774
1667
2286
1534
2125
4030
8443
5526
7501
2445
3871
7999
8080
7781
1487
4916
9513
6648
662
8253
9873
770
1542
9928
9430
2680
5032
274
6285
5408
6146
2060
3427
4784
9946
5552
8814
4742
7430
2668
3539
7654
667
1619
1787
8507
2888
7653
5155
3550
5906
1380
672
3800
7661
102
6481
2693
6728
9118
4453
9226
1178
7880
4011
7477
9784
2825
2219
3567
5493
2110
1221
2513
3729
3008
1020
2969
661
6175
6519
2919
7556
3543
6720
1569
3645
9553
4262
6725
8671
8716
5952
6202
2948
9963
31
2733
9140
8602
6300
986
712
3873
3499
793
6881
4519
3763
3895
7046
6634
6814
954
178
9886
2523
175
5791
6786
6901
815
1854
9205
7017
4802
9168
7048
3887
4660
5650
6539
5646
2714
412
9145
3507
3646
16
7270
7541
7063
3905
4355
8017
435
594
6893
610
6385
3679
7511
7200
1885
3068
569
6687
8588
3969
575
3249
5971
7114
8895
8685
3879
4393
2193
7525
4409
5815
5066
7824
6072
5773
5842
6507
6367
9087
7118
9105
9118
981
6305
1003
4050
3227
4042
8990
7196
969
2239
3168
4436
7487
1853
8315
1880
398
5840
2641
6214
7258
466
2286
3031
2660
5146
5751
1747
2264
1208
865
9597
3865
1868
9999
7092
5910
8990
4289
6880
7581
3809
1316
5068
5662
5983
6948
2413
1823
9590
8627
5433
6408
7265
4816
9068
2411
567
7167
1027
1775
8032
6977
5641
6252
6976
9085
8514
2318
3374
1746
9900
3535
3062
4968
5550
5397
8269
7963
3572
4211
6590
9005
619
207
3822
6039
2619
741
3206
9998
8869
1238
6975
862
7490
304
9947
2356
2622
9674
4103
2522
3209
3517
3843
8759
8915
2112
6722
2487
6323
9664
7845
3294
9872
1667
9333
8843
8760
2539
5193
7629
129
2169
4843
3971
8825
4791
6327
1447
817
430
322
4026
3948
4165
9138
2863
2629
2212
1702
5304
1877
9547
8598
8101
7566
7931
3296
6327
6822
4841
308
6951
7010
5152
922
5835
6295
7249
3635
7112
7680
3957
7490
1628
4474
6628
4491
7103
8841
6193
2407
7070
2093
7357
1523
9659
5288
1171
5986
2110
6012
2647
5413
9375
7799
6335
1562
4094
3584
5197
1206
1264
5506
5048
9244
6332
1677
87
9787
6870
2633
8546
292
4726
5903
8167
4385
7543
9338
6724
6005
1702
9371
1418
1077
3522
7753
2640
7616
7690
4189
5174
8954
6048
222
4551
8732
8251
4638
8520
1473
7271
3418
1765
1997
5674
9932
2735
3217
5622
9459
5575
7325
5182
6993
4754
8704
1099
3746
2672
8789
4288
7846
4095
6688
4420
8646
5420
9024
3285
292
497
6908
3711
2263
5258
5737
8547
7993
5306
522
3804
881
4199
8986
7875
8953
4042
5326
9052
6714
4115
3340
912
8210
28
1684
3209
1800
708
6494
2093
1206
3402
2156
9821
8660
7893
4720
3005
3199
5242
6809
4081
5793
2147
8308
4747
6189
3634
151
2903
4101
3491
167
8663
9871
1852
1872
1671
2560
8366
116
118
8121
2272
9939
3133
6517
1012
2491
6069
6254
9300
150
2048
7800
4810
3147
3989
4796
9650
3245
8897
3141
9764
7560
9364
1616
9433
7387
4177
4151
7504
4295
8624
6128
587
8110
2646
1599
601
8715
4205
6253
5217
2605
4053
6379
2104
4395
1175
1754
3992
6424
1247
3756
336
611
5373
6121
7999
5902
6625
1855
6549
5249
7983
3488
3359
629
5087
312
5696
5645
6566
7265
8250
619
3644
6707
1366
1171
8461
5358
7595
9709
5467
7932
6672
840
405
4671
3094
7030
2878
5995
2280
862
9484
1991
7843
923
2304
3540
6568
8870
7157
1171
5841
802
7878
3560
1973
2691
8918
5921
2400
4385
205
9073
1577
610
96
1023
7641
9327
7019
6273
189
6503
8264
4384
3778
6920
7924
6699
2142
1434
7870
4336
2236
2100
7896
561
4791
6814
6482
3544
7552
6687
8969
5481
7298
5417
6505
4939
4744
3524
7564
4933
6379
5828
9318
6509
9101
3594
3208
1243
5028
7430
5579
3616
5882
3475
4178
674
6642
660
570
546
7348
9539
6027
998
4956
2532
2289
9701
2408
9853
986
5139
2033
6656
1649
1134
251
4857
8730
1631
8640
4309
5248
4522
4137
5778
1548
779
6438
2118
1325
138
1657
3704
1136
2966
2589
3425
2667
4997
3278
5
137
5312
6662
8138
2798
3265
9347
1528
4896
7987
2190
6496
8862
6327
8626
410
3458
5065
2529
1135
1555
538
4839
2692
3504
7428
2469
2523
2426
2100
2529
8915
3764
9191
3405
6562
2456
2752
8091
3704
7092
281
6553
5954
2960
5179
2716
6418
6596
5245
7553
8152
2136
2392
7196
5640
6173
9665
8164
4951
1765
7045
218
5529
6236
3623
8444
5044
2727
2887
5100
9819
9520
1653
2125
2480
6833
1194
5250
3429
6439
2803
7933
8575
1547
5129
568
7720
1147
5084
2671
9264
2129
2889
1146
4717
2864
9590
9761
5592
2477
1213
1763
8349
2867
241
829
6052
1435
2431
5833
4226
5234
3767
9154
3133
5248
9722
854
6395
1158
9877
2012
3287
9119
3158
8004
1983
9100
4117
3927
7929
5330
5691
6278
4549
2284
3459
601
3719
5890
6435
7945
7476
202
7099
609
5450
3173
1463
8198
4331
7693
210
3970
6812
9720
1974
8795
8820
2443
2723
6749
4126
4766
3027
8675
7050
6486
9277
769
8728
5712
5066
6204
2266
8518
6813
4068
8043
4629
8618
2375
2322
5180
6345
9134
4900
4672
4281
3720
3467
3356
469
7593
8122
9848
2621
1524
2686
1898
2293
1414
3962
3712
7618
6228
2230
784
6648
6625
5413
5267
9000
7735
447
1698
3221
5348
2722
7502
5420
2541
7211
2242
135
5333
2090
2756
6858
4777
1006
5503
2543
4968
9215
162
7548
7797
7298
4196
4423
2711
5815
9775
6798
6263
7825
19
7963
6899
3873
3383
9441
1084
1977
5928
2770
4068
5036
9628
5197
6042
1483
7740
7362
7051
4254
1262
1200
1552
5458
5623
4263
7626
1751
7413
241
5928
7432
8204
2828
7658
7939
2269
5094
9917
8197
7864
337
3233
3844
5534
5627
5328
3274
9341
8731
7529
603
9931
9081
6061
1907
9697
39
10
7110
280
5938
895
8484
8766
8553
2776
1035
3647
9045
5584
7864
9382
5169
1708
4916
7148
3388
8190
6489
8471
2071
7092
8403
1153
9506
6662
7202
9545
6672
4312
9826
2610
5207
4662
1377
112
3790
8764
112
2835
701
7976
2217
5870
6036
3485
3019
5777
8028
9508
4248
99
2953
2651
7604
2459
5665
4806
2004
2337
9119
8182
1300
678
2845
9029
7143
6635
7793
7255
5823
4846
5231
4392
717
7619
7878
88
3396
5906
5948
7645
2357
8901
6648
9962
7712
2314
4768
9717
1003
239
7899
2303
7270
7096
7684
4413
84
5478
1668
5907
6676
3251
6651
7393
7222
4529
3833
619
6787
6134
4616
9145
1387
1264
5459
9100
9930
6579
8817
7286
6819
3068
5941
441
6517
3626
4854
6601
5456
2874
8860
2132
2477
5511
5878
9699
6393
9711
318
3180
2197
1286
8677
3585
8903
4136
2685
8833
716
1502
2471
3887
922
8413
4328
7439
8391
5534
392
3847
4760
9252
2331
7237
1116
8209
6936
7509
4273
3607
7041
6470
1245
5719
6407
148
6207
9092
5334
6923
6946
7805
7162
7869
2570
1490
1660
961
3376
2053
1160
8136
7657
9844
5373
5125
4405
8662
2634
8678
8621
9676
1501
9866
1747
7908
6367
7954
3353
1701
1230
299
9506
8392
4520
8429
9883
6181
9390
9611
4586
6903
7748
8595
3099
9473
3721
7504
4487
2707
2535
3108
8735
4036
9327
482
8296
5694
4789
1649
7395
6019
1949
3253
4411
6469
1682
646
9002
7425
258
3588
680
8006
2184
3779
3831
2257
1283
8319
4964
170
7779
3700
558
7106
4182
8855
9152
8971
6856
2899
4990
5157
6153
5754
7979
4187
6400
3333
1612
6658
3274
8644
1016
5458
2423
4848
4067
59
3167
9031
6581
946
2731
7140
4405
3266
2347
3557
8589
9203
6457
9932
713
8962
5686
5044
3149
2086
8377
1114
8745
1651
9758
9761
3461
8534
961
7528
4945
4128
6560
1526
1427
5643
8666
5832
5261
1013
5741
3851
6569
8550
3783
3634
7512
9469
8678
7014
1555
7055
4480
6652
5059
590
2766
8520
5476
3727
2401
421
4208
5313
8300
5635
956
6966
7819
2570
4332
3560
6421
7253
2111
204
887
5975
6025
5917
9341
7580
9324
3821
585
4383
4412
3351
9256
9888
3430
8009
6662
3990
3322
4962
5977
630
8280
3796
3200
8964
3709
9621
6217
5820
6177
3456
8147
2202
5725
7489
6135
5050
1310
6720
5785
2074
6423
1393
8315
9853
9402
4977
3844
2724
6291
9821
9707
4571
9970
2907
3536
3679
8881
6105
5851
5058
9562
350
7261
5287
7839
3396
6689
5502
6468
8827
3928
2891
220
2243
9096
9623
3572
2940
8699
9863
9114
8406
4435
5436
1314
4323
5467
6547
428
1318
1605
9990
8020
5218
1630
5860
4966
4671
7714
1434
3498
1642
677
3719
238
9774
9694
3810
9066
8393
3674
4532
6800
4461
9968
4466
8784
5435
1013
9212
3105
8970
5555
1126
4189
7185
3338
5507
8208
1052
3294
1707
9046
3971
1778
9284
3745
1472
3095
9164
9865
3121
3696
3017
7582
17
3835
6366
1804
1200
1930
4910
171
7485
2388
712
1022
2078
6219
9231
3130
9513
938
8528
9837
9068
4165
9934
540
7260
9098
6757
6733
9147
6127
667
9164
9962
3385
968
1163
5315
2230
1334
2801
4618
8398
175
6696
4617
9406
6178
483
6696
1059
6672
5764
5224
6606
2656
8836
5705
9414
5569
4852
5541
2588
4016
1855
5973
1336
9370
1288
3567
704
441
4537
5454
617
7586
72
6375
116
6907
3072
1175
3579
5188
2751
185
7845
1587
2242
3611
3508
3446
5504
6096
3814
7359
8421
5151
6730
9710
5070
3786
6503
9607
5593
3472
7193
2017
9848
3662
8924
9272
1189
8855
4460
3941
5392
8657
5528
7635
2268
9037
1081
7772
1485
4896
1484
9907
6399
4566
5969
1469
4704
2472
1076
297
2297
4622
2314
2145
4636
7590
7769
5825
6445
2229
9766
1838
7239
1647
5825
9507
684
3258
3632
8521
4506
1468
8428
905
2386
749
2374
3442
9574
9803
3740
1871
777
2406
368
5413
6349
8137
1238
9146
366
7357
984
3957
9004
3161
3465
6040
6420
3449
4561
7278
4917
9342
8184
3655
91
6910
7097
9665
6713
7189
1536
7490
9596
1904
9255
2297
41
494
1443
6760
4203
8780
717
3207
1941
534
9247
4713
335
3808
1992
1604
3150
6528
5259
9594
3438
2357
9259
152
5898
7148
3994
1846
9052
3250
4143
5446
96
5587
8558
4299
4367
5627
3858
2660
2514
3105
3726
2849
3265
5718
4454
2768
8598
6065
2362
2036
4774
7973
2188
673
5121
2535
2519
526
2137
6663
2324
8585
8602
7234
2884
9321
2861
3094
1981
1727
6199
2059
929
5816
4129
5383
8584
2727
7800
946
4764
2575
8920
3304
3248
393
5839
2119
919
4328
8782
3243
2913
3736
477
2149
3057
9691
5243
1391
7770
7794
3450
8699
3611
7580
434
2195
307
8235
9494
5071
810
4766
4728
410
5159
6919
2529
2431
1248
7664
2026
4161
1400
8856
6311
4458
8547
7906
2201
2669
5701
5651
1369
9312
3231
1803
7859
9891
38
7353
1314
7200
2119
6042
7610
3631
2962
6492
6062
562
4156
8088
4723
5556
6944
7386
6366
1843
1645
8567
4513
7346
571
2234
3010
3802
4037
869
45
428
4575
1360
7628
6694
3754
1591
6677
3068
8083
2739
3630
2239
7180
4706
4147
476
8444
6866
2320
89
5433
3185
3787
6004
5419
3149
6159
5808
4019
2556
6236
8594
3916
217
1640
4023
1808
8318
7091
9891
7409
7074
8482
4589
8132
2629
5066
6576
9495
3738
3018
1281
3275
3157
3637
8694
6307
6148
854
6678
8705
7091
1624
8973
7308
9616
2996
5468
7934
6440
5359
1696
9866
193
6285
7998
2822
7703
926
8670
1441
3944
6303
4716
7102
9940
9762
9761
2441
617
6439
1146
4060
4415
6471
7720
4031
5820
3188
1966
8612
4899
3662
8478
1444
6299
6476
618
4003
3754
9288
1796
7699
1943
2865
1153
8236
2627
7266
677
9596
3705
8175
8
8120
4646
7728
2151
6818
7268
469
5430
8519
483
260
9963
3135
6736
582
3490
491
6222
5286
4542
8166
4503
2047
6402
3483
9313
3431
9431
9370
1606
9440
3842
2604
3520
2345
9423
7141
9167
1205
2012
9650
1466
1976
9137
4554
8910
2627
1397
1484
4266
5939
6002
5121
4338
2404
8604
3651
2187
8036
9373
3793
7476
3215
2750
7348
5561
8525
4489
4728
9730
6502
730
7548
4830
6220
2103
92
5199
3500
1576
5817
5792
7579
939
130
6335
9543
134
8523
3931
9507
8668
7759
2723
1418
5108
4636
6295
9597
5716
6026
2451
2798
3574
7281
9018
2029
7373
4218
5530
5302
35
1322
9233
7326
7804
5568
6870
7938
443
801
7446
5464
8561
6521
3234
21
1157
9530
5970
6873
1908
8422
6023
1834
2055
5042
3864
5781
5612
9394
1083
1999
7068
316
9326
1224
2236
2548
9163
9032
9701
2961
848
4614
9482
4082
4635
6991
9964
606
216
1872
9028
6239
3707
7435
7633
7571
3216
9597
3317
4299
1597
6737
967
7275
7961
9556
9823
3476
4940
9524
6437
5788
4139
2271
6222
5126
9262
6187
5732
9478
4411
1112
2070
8118
8548
9703
2041
1764
9301
1710
2416
7250
4799
3383
4525
2761
9291
700
2589
4231
6576
5379
19
715
7650
6242
2194
6913
8781
7926
2743
3192
5391
1165
7663
3939
869
6056
2055
6522
7767
4471
3772
2566
4207
4649
1679
3498
5349
621
4082
1925
6000
453
8993
3650
3047
1187
6915
1828
5465
6011
1373
856
7176
9036
1147
4397
5092
3203
919
9211
7674
1043
8130
8233
2044
6161
1732
7393
6782
2166
5671
2782
2619
1016
6433
2019
8555
9700
3847
372
5711
5220
1229
2888
608
2376
7285
2053
1931
4557
1264
9606
1952
9394
7839
3997
5556
5923
7742
2338
4441
9765
1473
7061
781
7906
5432
5688
3958
9279
6061
9670
852
3642
8910
7812
2370
2547
9865
4302
3456
1130
260
5409
6876
8099
9406
8784
375
7148
7475
4816
6914
8948
8229
4047
3206
3661
9736
7164
9293
2149
3186
6497
5791
2096
4309
8161
4644
4175
8815
8100
1657
9075
3509
8533
3527
9267
3670
3902
2768
1145
5070
6034
93
9652
81
9651
9665
6169
6815
5310
4670
2
1807
461
2098
2469
4975
3094
6644
3790
7547
4653
2866
7408
9538
2745
6676
3208
6647
5796
4353
8069
1830
798
4073
8263
449
91
4433
3617
5401
9103
3619
3561
5917
2069
6030
7244
1516
9026
1034
9063
3679
252
2823
9569
2997
9499
2778
5996
1647
3483
418
3477
4282
843
1741
1083
934
2526
4700
2688
1629
8319
6249
3898
6741
2279
1142
8257
7657
8529
3672
7688
5133
6495
7257
4483
2347
35
6831
3994
9871
7249
7472
4153
4445
9213
1588
5379
8091
6289
8067
9720
960
668
9971
4053
9299
1113
2310
6956
9642
5982
996
1128
8830
8254
5611
1177
4641
2442
5171
4512
6044
2643
5017
489
8208
6606
2220
6299
9247
6640
2372
6559
7308
2343
613
2960
9808
2923
9916
5803
5258
7265
6931
4088
5519
2542
5265
160
1336
6788
1025
7380
5784
2394
4221
344
5352
6442
2996
4599
9434
5368
1159
6742
4063
8124
6054
223
7399
2323
6026
2657
9588
2957
3097
5107
1851
4714
1619
3188
1503
8996
6920
3639
1391
1142
3983
6743
3936
6979
7695
3370
8699
5206
6464
2762
3330
2519
2986
729
4842
5364
9739
4430
8322
9188
5889
6525
255
7508
6065
8110
6505
9338
1749
4248
480
5732
991
768
2712
5038
4138
1411
244
6954
526
9926
9473
9864
656
667
5228
6747
1449
9902
5935
7338
6428
6190
4847
8845
652
7704
8183
2401
8304
5015
8134
5647
5783
7198
686
6273
4961
930
3228
1839
7209
9053
1703
7865
9721
6932
964
7522
6834
6899
4861
9614
9442
6060
4812
94
116
2995
8848
8420
4363
3334
4067
146
6884
1105
6420
1845
8388
6000
37
5597
5053
1740
3462
1126
5024
4426
8649
8211
7677
9862
7825
3471
5922
8989
9918
6038
1985
8766
810
6348
8452
4877
2846
5336
5983
5618
3533
4371
1618
3570
9968
3024
1663
9782
502
6687
560
5503
4898
8237
5365
9076
8061
7639
8065
4331
3677
6402
9449
4487
9102
7901
5717
8301
3237
8052
3919
3122
2423
5538
6693
8743
4914
8356
8525
5416
1395
9085
7272
6294
3674
8989
1722
8087
6629
6139
2418
6658
2542
1867
7498
7996
9768
3215
6297
9357
1267
217
2480
42
2107
9173
8785
3373
3881
7310
5141
5276
2747
2413
7922
6421
1403
9644
861
8032
2136
3279
1042
4678
5147
8540
9026
1267
1755
5324
6977
9374
1893
9457
9416
352
4982
8201
3725
5215
1863
8866
491
4610
1280
4766
7384
9035
762
8245
3419
2898
7876
4461
3928
9375
3002
2955
643
4757
4631
3972
484
2876
3429
9900
3228
4763
4454
3305
9978
6317
2171
6821
7280
9803
1587
4664
8838
2350
9261
8609
1600
3489
3071
5529
2865
6073
4836
9860
7182
9467
3832
7666
8695
3613
3919
1923
8376
8373
5228
8354
4690
3751
5175
1970
3555
3115
2986
8745
1817
8599
7355
3417
2089
6778
8946
1306
2851
3782
1166
6385
9601
1350
404
8296
4963
4323
6571
3339
9048
8151
8045
3738
1903
3220
2061
1810
2687
1399
6907
4504
9999
4262
7922
8440
7392
3220
9746
6595
3355
912
2981
9308
8614
9737
3957
3577
4060
528
6916
3108
5032
4961
3198
3287
4533
1611
5097
7221
3011
2004
8077
3010
2619
2351
7802
6363
5572
7548
2959
5279
4812
5940
4587
3426
5677
4896
7003
6089
5425
271
5549
6809
1584
8747
96
6117
359
1545
9690
9722
9901
7768
9084
8872
6471
6886
5236
2043
786
8195
3674
5598
4135
4614
5376
6164
9510
8731
2253
1287
9002
4154
8096
586
2901
4544
3055
9612
6089
9098
5686
5991
3218
4770
4863
9689
1656
99
1733
2442
8294
1759
4392
8781
6373
9768
4945
5884
8499
3550
7171
3853
7704
1620
791
6958
6164
3847
2922
2254
2945
8609
4597
2515
3379
9460
2204
1388
5912
289
3830
4206
2049
4575
2988
8422
4343
4285
658
9195
7836
4182
3048
1892
2154
3840
8850
8318
4039
8125
6924
3336
6734
1521
5851
6465
7334
8055
7853
3246
8345
8036
3804
6746
2611
3144
1520
6954
7430
8531
2501
1618
2713
1902
3510
4867
2094
8713
9537
6133
3190
2814
5821
9924
687
8024
6389
4373
2431
4243
7619
7128
2279
7776
3874
4890
920
5395
8196
4702
278
7050
6320
2991
8952
6183
4210
1046
1248
99
3531
4438
2913
9352
4362
9953
3728
7103
4326
6159
7698
8298
3288
6329
6074
7162
1219
3346
8909
5768
8049
9187
9170
4369
8530
8122
6904
9092
5520
8152
9192
9051
8942
8457
4755
9656
4762
8483
6760
9089
994
4458
3739
4282
788
6165
7797
8359
9511
3058
479
7560
8598
9649
8282
7128
4123
5186
6221
9643
9691
1765
5046
8633
6574
6153
8290
1337
988
1402
6778
1983
2212
517
2617
9352
6682
414
4064
2545
3473
4543
106
2071
545
8388
5551
1020
9926
8124
7016
9617
9889
2062
4603
2816
8216
9245
505
5556
647
7283
7539
9211
4152
157
8564
7186
6923
2628
9731
396
3523
6189
8819
4068
4577
4371
1441
856
8847
8457
6825
8737
519
7780
7905
5087
7025
8410
6996
4024
2045
4535
3236
6197
1044
1800
9735
7968
780
5818
4716
4303
2008
9888
4724
2937
611
6165
3793
9458
4622
6971
4547
1493
4751
2452
6581
1777
862
3577
2153
9259
4464
5389
1808
1861
3541
1543
6181
673
7362
897
4977
9370
7137
9701
8659
7748
5866
2453
3559
6840
5776
8106
8333
527
559
4914
8656
7773
4843
810
7033
5660
2551
8841
7521
6093
6737
3702
3118
451
951
8095
6173
8089
4148
4832
2189
6366
3637
5748
3206
9413
3855
1540
9941
766
2806
8597
8539
7650
9407
1924
3310
1959
7118
7183
4404
3855
885
7522
4306
1836
1970
479
6277
6118
1663
8467
2485
5301
4215
2043
4714
4422
3583
1007
5188
6390
9605
80
392
5364
2004
54
3675
5474
7237
4431
5681
8122
8306
9987
6310
276
6818
2588
2746
8482
7407
1583
135
1622
3627
4849
6045
7210
2209
7585
9952
1814
7665
344
3530
6022
398
7206
1496
3987
1637
7178
8461
6295
3517
4772
6571
336
3712
5670
5170
1119
7253
1657
9093
880
2858
1490
4443
5067
9076
4395
3233
3093
1092
6764
9115
1490
322
612
1830
8311
7790
291
4607
7659
5063
1178
4347
5127
3200
9517
2598
454
7526
8044
7686
385
9534
2129
5452
4962
2877
8686
8056
3969
5450
3523
1811
2124
4135
3641
435
8277
285
5042
5937
5348
6221
284
6828
5773
6154
9426
6227
3680
7470
3914
4065
3357
2395
5870
4671
1624
4556
2727
1945
6358
6251
109
8482
6738
3750
8917
1368
387
312
7305
2088
2885
3941
8916
8658
95
4694
4886
128
8517
5152
545
1874
3899
6415
2897
1876
7323
5625
3821
33
8228
3930
4867
1318
4033
137
2686
4420
449
6343
6508
3334
285
1776
8344
6732
6471
3230
3212
4988
4734
3758
3214
4986
6525
6111
6862
201
8088
683
234
2668
4614
1454
3987
4999
1591
3025
9419
8392
9369
2280
8078
6006
4056
6422
9090
527
6005
2303
1867
739
2413
1433
5725
8938
7545
8939
9139
5633
9623
5726
4654
589
7180
4993
1940
5123
8018
1359
9867
3739
9991
7945
6097
4048
719
5188
927
6724
3843
9147
3816
6256
580
5893
5194
8125
4833
686
111
808
6412
1117
1397
9944
6110
3337
1419
480
1048
1286
4220
1040
5583
6669
1440
6302
1857
8719
9379
2052
7866
3195
8308
8447
9088
3503
2924
273
541
9387
1081
6953
504
2478
3249
6614
2167
4668
7095
9568
2306
7667
6960
7889
4336
8400
543
2546
3471
9922
4598
1338
3117
2907
6137
8558
2762
9061
8831
3303
8449
9913
6608
8953
8743
6209
5568
7263
7229
9015
6831
9535
6682
3791
3776
7370
8543
4319
6268
2014
4242
867
9704
7359
126
5841
2269
9240
4903
1101
8895
9704
7366
1855
8657
2461
8064
577
9724
1645
9592
2907
1180
2626
3050
1308
6349
7945
5627
2617
9960
9869
9836
6016
3581
6314
1858
5850
5554
3113
3303
801
2817
669
2656
7826
9483
7072
4756
9207
5069
700
8467
6249
3327
1517
7557
6028
9463
9537
8645
5775
9406
4834
1791
9339
1148
1
5190
3055
3114
4845
208
2283
1867
9217
110
1350
6289
1218
557
7711
1918
9024
3960
5245
6894
7870
7625
6357
3759
2623
2132
3165
7457
3923
8857
4957
277
399
4364
3391
5244
4573
2027
7111
142
8489
8461
6431
9707
5371
494
1625
747
807
6871
7641
8677
848
3998
8788
3471
2482
1953
928
6406
7162
2238
3035
7561
2954
6426
2806
7527
8453
6269
7669
6942
4731
453
3001
6454
947
4627
7201
8106
7850
4843
6783
8698
5193
1923
2170
7676
3877
9450
434
1039
8040
3469
4953
995
9895
7759
4874
4701
4028
8896
7995
5111
5701
997
1565
3000
1976
8767
1107
9826
9962
4242
8524
5155
6166
7046
2831
6395
6497
3265
7434
889
6734
8739
1884
2982
6498
6759
4035
6879
5655
8382
8342
1356
9379
9908
4356
7707
5027
5463
7533
1341
9706
2410
2848
5872
9456
5680
2267
2305
5297
6053
3195
8384
4793
5079
7718
7643
1838
1753
874
3845
135
9217
1553
5867
5477
5910
3574
6856
7725
7460
4549
3783
9870
7397
9655
9326
3077
8274
7984
4727
680
1179
3111
1825
6258
7181
5820
4449
8934
6695
4646
5421
2264
6200
7640
4093
8462
7567
7301
6187
1379
1850
9971
1249
9247
5978
6927
8677
4253
4911
9756
1285
6090
2867
3110
8701
6400
5282
9502
1686
8329
500
3459
6945
6700
1100
1038
5162
5019
8339
1350
6398
6541
7673
3999
5789
3651
926
818
4256
2190
574
5541
8280
9793
5003
3333
6193
6638
9187
7879
4967
9688
1338
1913
6388
8790
2951
7903
161
7643
5605
2911
536
3278
6910
2677
6929
4189
3495
7538
6379
421
3079
1011
214
4435
697
2759
1073
9884
638
2392
5924
8329
4305
8665
3471
3609
6568
9985
7604
8525
2896
8140
1803
6159
818
5084
6700
665
2622
9431
1087
2054
442
1301
2841
7491
4061
3914
3728
1051
2658
9652
5732
6964
4669
5556
6925
7589
1893
4529
6114
4789
9021
7917
7300
9839
3002
352
505
1976
9783
1592
4030
6578
9245
6871
4069
9658
7137
7797
710
9796
3802
2794
3112
8471
4702
6389
2413
6595
7270
8527
7737
6291
2797
1389
2483
5799
1742
9340
4127
1525
7284
8158
4455
6529
1381
8525
6188
4871
2674
3250
4667
2828
2396
4131
7652
7099
520
65
3694
7790
8592
7783
433
1389
9173
2916
3540
915
2256
4020
8792
9540
8530
3248
2422
9911
8125
4962
4782
7151
4564
5801
6332
6960
6284
336
411
6804
401
458
946
5345
8241
1380
3087
7414
648
2979
4681
9257
6999
9826
8797
5529
9426
7571
1793
7551
2533
6575
1054
7097
8729
3738
410
5013
4074
821
8170
4475
7631
9116
6173
5873
6848
9260
9639
3849
8591
673
3106
5591
499
8255
7472
9925
5827
9265
3828
8360
5841
1234
1810
4570
4973
2220
5935
9047
9393
4105
9875
7025
9574
2400
9250
6422
1660
5241
6623
6603
5914
9729
2194
2765
7985
6019
2690
3812
5284
2870
8524
7477
4105
334
2047
9078
8906
4335
4477
8300
8440
704
5325
8014
3104
927
789
1116
6168
7412
7720
8435
7142
6266
1200
1479
2285
243
5291
7570
3113
167
5047
3570
502
3447
9000
9408
7782
3478
4060
2574
4182
5737
589
7287
6664
1378
4755
2833
5142
2475
7620
2284
8742
8820
3763
1027
5415
5406
4949
8529
1926
6349
2099
2428
9796
7452
8188
3930
930
2249
6504
1464
7986
7093
5103
1003
4823
9859
188
9966
2334
7808
8602
7428
2980
8718
4808
8396
476
6109
3277
2402
2458
5376
1182
2254
9180
9371
2536
110
7972
9041
7927
2310
2486
3030
3313
3662
2889
9853
3628
1576
7661
8582
5356
642
7300
164
5390
4129
6274
8667
6531
8732
395
7714
7339
9576
3437
9875
9686
7761
5268
7613
6423
4107
6996
6089
7769
6237
5942
1397
7813
9956
6331
9522
598
3632
9686
2340
4113
2312
1007
644
7397
1402
4710
1088
978
8147
7315
7017
2260
2584
982
8684
3043
7978
4773
812
4216
715
2209
8381
7023
4892
7903
7621
4876
3942
9961
8989
2606
7320
9634
3
8723
4344
7443
6053
8844
4759
9422
7456
3695
405
6140
6738
4735
7265
7550
5303
4333
6111
3685
1356
1003
7940
5330
2232
8234
1643
1221
841
8964
855
7196
4039
1552
4640
92
6748
5751
9515
4204
5798
6272
6697
8888
1007
3962
2790
6311
8295
5253
6348
6004
2608
4288
1334
4840
2523
2977
6062
9716
8293
6917
6912
2332
4821
7904
8777
1569
7
4644
5774
5805
916
8823
1045
1923
2785
3835
4586
7433
9088
934
3437
8049
1575
4771
2889
450
4100
8951
166
2394
2221
3430
1078
7042
7687
9855
4964
7694
4499
7090
9852
5415
5913
7249
3691
8698
1085
8277
2483
6525
5564
5920
4574
7139
7043
7464
3941
7496
2767
4107
9890
4988
3889
7320
8383
1576
7176
3347
5623
1675
6789
1827
3443
2702
9076
3486
7752
6513
1763
236
3039
3679
2508
3965
818
5904
7781
4759
3400
6901
5218
9642
1889
5460
6962
6624
3388
490
6323
9011
8518
3112
7190
1961
2166
6267
5447
9919
9132
3562
6507
8523
7242
5367
2489
4412
7623
6622
5524
1023
3523
7094
7017
1765
2554
332
8389
5943
822
1065
1306
9340
4177
8497
7653
2696
1116
3100
8967
248
3015
1826
8772
257
7193
7613
1021
1169
4235
6545
2192
7759
3640
5562
5876
2546
5894
4265
8489
3068
5330
6148
2409
5860
997
6414
4908
2113
9515
3875
8713
8882
5701
3837
5491
9246
7802
6512
415
8390
9410
8960
2501
9402
874
8377
1948
3120
8994
6790
6188
4325
2938
4949
6537
3935
1364
7797
2400
7231
1672
7465
6113
3725
7655
1604
9323
5457
4468
6091
3847
3878
5051
6348
3280
2277
1077
5229
5397
72
8371
1585
749
1309
6535
7286
1596
7899
1435
348
1482
3107
7813
7595
3184
5468
5551
2507
7278
19
8598
1125
3898
1
3826
7178
8630
4903
8759
4027
4975
3482
1965
5724
4791
4852
9362
2739
9103
7149
3087
585
6608
7253
8180
9792
9073
3731
8652
6351
3750
3602
3829
4000
9956
7655
7531
8586
8910
2642
8966
238
6125
931
2314
7268
5783
8029
8
4886
5178
9447
5471
1787
6700
3
1579
5774
3734
6583
8477
3836
186
2306
7837
142
6313
5368
5080
1576
8010
4046
1814
4135
4977
480
1404
7112
8509
7764
1998
3688
7211
3821
1827
264
3824
3406
2390
7558
6342
867
7747
6528
9526
5584
3022
5839
7304
8102
7415
5314
8501
5581
5802
9830
6062
3558
6943
4571
1322
5293
4611
4885
9115
6438
1501
9291
6197
3891
3202
2539
1111
949
9067
637
6533
8441
6476
189
2895
3892
5503
1396
5825
7657
1227
1887
7567
4522
6459
5241
9815
1070
127
5282
7509
7980
4574
3706
1872
7776
2597
2983
5077
1664
3620
1610
105
6448
8151
3000
6692
6
749
2518
7664
1976
4405
1583
6498
7216
6825
2665
4639
3304
7948
8500
1284
8874
8558
9508
3002
1155
2491
8079
2819
2463
6041
9276
5264
4192
8628
1956
4198
5729
826
8214
7705
5232
9798
555
8800
6623
9573
3439
9927
3873
1939
7563
9099
497
7072
2101
8004
5915
180
7175
8379
2573
6451
9995
6765
1432
1951
7315
7161
2778
5530
1219
4362
1680
8126
9514
8303
4051
2954
4582
7924
1245
8497
7023
8095
5569
5476
6099
1485
2008
3275
6216
4581
6078
6211
7698
3862
4514
5014
7376
3644
6896
8595
4358
8576
3073
3873
3231
3477
3179
4165
1401
776
2662
4777
8871
4584
6605
1323
2421
8614
4598
8637
9547
7028
1200
7246
891
2066
8612
8267
2063
5508
3214
6421
436
2639
6646
19
6116
6177
536
3870
6954
3198
4999
2177
4134
1604
3500
6555
6570
4450
1544
6118
7831
2744
3364
8722
1163
1976
3341
3226
3836
2907
5999
624
5546
2646
643
1663
8823
1179
1885
2129
729
6884
4307
4864
4840
4159
1419
1411
4962
9316
7529
2793
2060
7245
1515
9575
5573
1208
2801
9409
4115
8801
33
9661
7799
7028
7676
2974
8207
5913
5104
5288
2797
5763
152
3990
6274
7924
1753
1236
7240
5634
4029
5652
2879
1896
5228
8452
3104
4381
4213
7219
3182
598
6881
7333
7626
909
308
2185
6823
5412
3825
5972
7527
330
9962
3801
4606
8067
5038
8198
3701
9067
3850
6580
964
5430
1384
420
6164
1949
7640
5698
2547
873
3032
6525
1782
3340
5062
4957
5104
8888
930
2631
5570
7244
6432
176
1664
7822
8374
5365
6890
8576
8298
4206
359
9682
4626
6523
7984
8618
2221
531
9491
5253
3409
7626
4945
4823
2583
49
63
9865
2680
5633
3462
5465
2161
5126
3287
535
6843
6529
9112
5141
7087
5823
4824
1714
2346
9160
332
919
9691
6176
2525
9452
3802
7470
628
2737
7520
691
8955
6552
2677
8769
2017
4838
247
1657
5374
7090
8186
838
2232
1626
3013
3408
3340
5359
2568
24
2630
8611
6200
5155
4416
6354
8978
5044
5444
6498
2087
4399
9402
4764
3168
1420
9603
9767
9429
1329
6857
3967
8519
5441
5593
1532
8849
5285
3243
7769
