821
636
800
517
573
150
903
836
177
258
427
153
593
647
139
435
199
482
588
374
278
881
423
682
982
312
710
140
620
964
712
441
952
512
310
877
662
565
713
840
175
493
345
768
492
484
556
692
966
496
418
597
729
194
631
712
858
341
204
478
657
916
271
961
428
934
839
91
499
904
283
675
749
628
795
242
465
351
286
783
848
56
380
577
250
364
641
109
57
845
939
67
761
211
28
542
145
219
633
996
476
268
23
225
248
819
819
65
170
457
849
370
514
581
300
764
945
293
873
3
139
813
422
252
376
450
794
873
22
779
869
498
399
893
75
648
64
247
713
586
704
914
957
218
496
609
983
793
902
208
148
393
373
570
646
749
373
792
974
395
572
196
245
323
441
320
323
505
567
37
91
624
303
400
842
151
9
177
945
264
386
93
657
759
16
655
861
389
800
187
136
724
383
733
47
824
405
371
329
325
760
773
949
63
173
791
215
535
969
512
151
707
957
160
818
973
816
31
714
968
219
202
692
954
935
739
779
693
110
460
18
222
233
967
286
759
110
853
646
431
717
797
138
674
957
309
0
125
340
714
93
911
269
785
866
556
877
997
249
339
457
267
562
43
586
200
802
697
405
800
128
122
597
619
796
906
928
796
32
620
863
477
532
132
615
750
688
492
747
938
831
556
557
745
599
144
945
753
193
350
553
321
824
502
292
621
409
572
769
793
193
632
270
77
116
885
827
157
729
926
447
561
482
4
306
82
148
604
187
693
306
741
15
131
243
659
104
4
232
873
797
425
858
420
854
974
657
681
131
387
607
578
300
441
935
958
523
435
914
711
129
221
804
496
704
399
155
808
404
387
33
553
164
891
973
18
218
983
51
701
722
10
280
22
452
215
332
327
2
247
390
131
820
194
627
524
594
135
684
350
522
717
903
39
961
229
409
179
212
813
880
286
823
512
660
627
79
992
955
82
591
697
213
411
892
193
287
838
328
971
188
202
41
91
593
2
672
355
533
236
168
413
522
343
278
182
323
357
527
630
439
470
327
5
234
219
550
521
409
230
845
597
432
238
41
378
240
713
733
773
950
253
538
824
596
816
359
271
174
886
901
965
708
229
322
942
800
872
816
210
454
661
807
887
251
848
265
491
914
350
616
216
603
154
392
551
323
751
823
497
989
724
814
698
305
489
640
106
713
808
316
168
821
475
55
72
676
672
563
942
374
531
158
977
686
550
880
361
654
55
210
643
780
24
341
437
513
334
543
579
142
211
747
964
687
154
36
715
178
952
657
552
483
815
881
521
717
761
882
371
817
444
367
949
469
708
386
334
394
282
913
889
493
12
205
532
166
593
247
344
545
904
896
381
71
129
254
141
243
489
512
412
933
879
713
754
940
99
441
686
733
706
575
579
719
132
111
885
726
711
582
271
967
830
4
391
960
259
532
203
748
396
967
681
628
680
788
568
131
229
606
865
935
534
444
654
666
907
540
392
970
474
16
938
304
20
681
264
631
213
819
379
609
138
413
237
818
201
157
950
430
116
167
365
650
963
372
316
222
264
61
193
738
77
483
42
449
164
659
81
729
830
812
338
969
577
928
139
130
437
89
912
905
608
630
555
571
2
224
794
266
285
987
356
714
822
398
163
986
409
596
715
592
409
405
561
338
685
52
469
123
142
381
28
750
363
936
674
365
512
468
983
797
807
339
863
629
90
26
615
499
975
682
91
384
87
4
74
773
409
543
248
551
277
628
653
640
916
679
358
428
147
341
577
954
681
440
583
771
819
550
622
794
232
66
530
672
422
604
797
831
148
45
734
777
25
740
769
942
419
127
722
567
469
300
873
502
740
457
273
559
7
247
353
592
313
883
264
88
488
61
919
988
458
654
117
483
394
886
777
165
14
500
732
835
800
606
337
540
415
962
452
422
209
805
366
875
41
630
963
881
691
882
869
149
888
338
985
634
224
762
800
590
614
884
425
414
842
762
307
257
76
759
32
286
916
398
161
957
29
476
190
72
710
411
574
599
749
559
585
326
673
385
916
288
270
342
54
112
456
361
722
533
472
754
171
389
152
684
698
533
160
241
958
870
652
532
821
402
443
407
728
468
792
996
756
414
338
163
879
147
524
601
32
997
707
203
738
211
887
788
745
399
29
703
621
682
587
443
436
30
850
516
498
994
512
607
761
203
770
992
702
646
593
734
995
652
289
85
863
528
874
608
927
255
663
548
289
250
343
725
632
193
241
131
540
106
90
653
309
860
645
11
506
590
97
854
242
386
939
