2	
3	
1	
13	
17	
9	
6	
4	
4	
1	
14	
18	
5	
19	
3	
12	
12	
12	
8	
6	
17	
6	
2	
9	
10	
4	
11	
5	
19	
10	
16	
7	
16	
6	
6	
20	
5	
19	
20	
8	
7	
15	
1	
12	
12	
12	
4	
4	
3	
4	
13	
10	
20	
8	
1	
14	
2	
17	
18	
2	
15	
13	
7	
6	
2	
9	
11	
1	
10	
13	
7	
13	
5	
5	
11	
16	
19	
3	
12	
3	
9	
11	
17	
4	
20	
18	
15	
5	
7	
17	
3	
7	
3	
4	
19	
11	
16	
20	
1	
9	
3	
13	
5	
14	
14	
17	
11	
15	
7	
18	
9	
18	
8	
1	
18	
11	
7	
1	
19	
8	
10	
5	
3	
3	
16	
13	
17	
11	
7	
8	
9	
3	
2	
17	
14	
11	
9	
16	
9	
10	
18	
20	
15	
5	
8	
9	
2	
2	
7	
6	
1	
7	
14	
13	
7	
6	
13	
1	
8	
15	
5	
2	
19	
10	
14	
3	
4	
16	
13	
18	
16	
11	
18	
3	
14	
10	
3	
20	
19	
18	
6	
18	
8	
15	
3	
16	
15	
20	
4	
20	
17	
7	
11	
11	
20	
6	
5	
12	
9	
10	
5	
20	
19	
10	
17	
18	
10	
10	
3	
11	
7	
5	
9	
6	
16	
9	
15	
5	
10	
2	
13	
14	
6	
7	
18	
13	
19	
11	
13	
3	
3	
10	
8	
17	
18	
13	
3	
11	
19	
4	
3	
10	
20	
3	
10	
2	
18	
3	
19	
6	
17	
12	
14	
12	
14	
18	
6	
19	
6	
4	
19	
16	
17	
20	
7	
6	
11	
19	
17	
10	
11	
10	
16	
12	
1	
7	
17	
11	
18	
12	
15	
15	
1	
20	
4	
4	
13	
4	
18	
10	
18	
5	
9	
4	
20	
6	
12	
20	
2	
20	
2	
8	
10	
3	
6	
8	
20	
20	
1	
2	
3	
1	
14	
7	
17	
16	
17	
9	
20	
2	
9	
1	
18	
7	
13	
3	
11	
12	
17	
4	
1	
4	
3	
3	
4	
4	
16	
2	
10	
13	
5	
1	
8	
20	
17	
11	
13	
7	
10	
17	
15	
11	
17	
3	
17	
4	
9	
11	
10	
1	
14	
13	
19	
2	
19	
2	
12	
18	
19	
14	
10	
13	
11	
8	
20	
16	
18	
13	
3	
7	
15	
11	
15	
7	
15	
4	
11	
4	
5	
11	
13	
1	
1	
12	
6	
6	
2	
19	
1	
12	
12	
3	
11	
13	
4	
11	
20	
3	
2	
7	
2	
14	
17	
19	
6	
11	
13	
7	
5	
2	
14	
4	
1	
19	
1	
18	
1	
20	
4	
1	
7	
8	
7	
11	
2	
13	
4	
11	
6	
4	
1	
9	
16	
13	
10	
8	
17	
11	
16	
5	
17	
17	
2	
18	
7	
18	
4	
18	
1	
1	
18	
5	
14	
13	
12	
16	
15	
12	
9	
17	
5	
3	
19	
8	
13	
7	
16	
14	
2	
1	
13	
2	
16	
18	
1	
19	
9	
13	
9	
1	
6	
14	
20	
11	
6	
10	
18	
16	
3	
5	
9	
19	
6	
5	
15	
12	
2	
6	
8	
7	
11	
2	
6	
10	
18	
13	
15	
18	
3	
15	
12	
11	
4	
3	
12	
5	
9	
13	
14	
13	
3	
10	
20	
6	
12	
19	
11	
2	
3	
16	
8	
12	
13	
13	
19	
16	
7	
4	
1	
12	
10	
5	
4	
6	
20	
13	
2	
4	
11	
14	
16	
15	
14	
20	
19	
14	
13	
8	
4	
10	
20	
10	
2	
4	
8	
9	
2	
3	
10	
20	
13	
20	
5	
16	
10	
20	
20	
3	
18	
19	
6	
19	
1	
15	
2	
4	
8	
9	
8	
8	
2	
2	
3	
16	
16	
6	
4	
20	
6	
12	
10	
15	
9	
4	
12	
8	
20	
3	
16	
2	
2	
13	
2	
3	
5	
16	
10	
14	
18	
2	
19	
1	
2	
6	
20	
12	
14	
6	
8	
11	
3	
1	
3	
12	
17	
14	
13	
11	
11	
17	
10	
7	
20	
8	
15	
17	
16	
4	
6	
19	
13	
13	
2	
12	
5	
7	
2	
17	
4	
12	
18	
7	
7	
14	
14	
19	
6	
4	
19	
14	
7	
15	
1	
8	
13	
14	
1	
11	
10	
6	
12	
6	
5	
4	
19	
16	
14	
3	
20	
15	
2	
6	
18	
20	
5	
8	
16	
9	
12	
4	
17	
1	
9	
7	
14	
8	
10	
14	
13	
20	
20	
17	
11	
3	
4	
20	
19	
11	
12	
16	
8	
13	
4	
15	
19	
4	
9	
14	
3	
17	
1	
14	
7	
20	
14	
2	
7	
18	
4	
1	
2	
20	
18	
18	
3	
20	
11	
1	
2	
10	
2	
14	
2	
8	
10	
9	
1	
20	
4	
9	
3	
9	
3	
11	
16	
13	
14	
13	
10	
19	
12	
17	
13	
1	
5	
20	
9	
20	
12	
3	
10	
2	
5	
3	
12	
3	
17	
4	
11	
6	
17	
17	
3	
5	
17	
19	
14	
10	
11	
16	
6	
8	
11	
3	
12	
11	
6	
16	
8	
19	
14	
13	
14	
15	
8	
3	
15	
5	
11	
1	
7	
6	
15	
12	
16	
13	
20	
10	
1	
5	
11	
13	
11	
1	
8	
18	
5	
8	
15	
11	
11	
11	
13	
1	
3	
7	
4	
2	
13	
4	
16	
16	
3	
9	
16	
1	
14	
13	
8	
7	
18	
4	
16	
14	
13	
2	
6	
19	
19	
16	
20	
2	
6	
4	
7	
10	
15	
1	
11	
7	
14	
8	
9	
17	
8	
5	
15	
7	
18	
3	
19	
6	
19	
16	
5	
13	
7	
2	
13	
15	
11	
1	
12	
18	
5	
15	
8	
7	
11	
8	
4	
1	
1	
12	
11	
15	
14	
15	
20	
12	
16	
19	
17	
15	
17	
2	
16	
1	
5	
3	
18	
6	
10	
13	
11	
4	
20	
12	
19	
2	
8	
11	
14	
2	
2	
6	
7	
6	
11	
1	
8	
10	
8	
17	
14	
1	
9	
5	
10	
6	
10	
16	
7	
16	
7	
14	
15	
14	
10	
4	
11	
17	
6	
5	
8	
19	
13	
5	
17	
12	
12	
4	
11	
6	
20	
8	
18	
4	
1	
5	
